data <- c(23 ,24 ,24 ,25 ,24 ,24 ,24 ,25 ,26 ,22 ,21)